00111101110100010001111101000110
00111110011111110011100111001010
10111101110111110101110101010110
10111101100001100001101010100010
00111101110110101100110000000101
00111110110101100000101100101000
00111110011110111101001100110110
10111101101101111001110111110011
00111110100000001011000111111001
00111110100000000100111011101100
10111101001111110011000110111011
00111101100110000001001000010110
10111111000010111101101001001001
00111110010111011100011000000100
00111110110110001011110011110111
00111100110001100110001100010101
10111101000100011110011010110100
10111110100010001000101101000001
10111110100101000010111000110101
10111110110000110111110100111101
10111110001101111001110111101111
00111110011010011010111011001010
00111111000000000010101000101100
10111011110000101010101011111110
