10111011010011100100011000110000
10111110111101011000001011010010
10111101010001001111101101110000
10111110100110001011001100100101
00111100001001000111010101100001
10111011101110100110001001101100
10111011100111101011001111111000
10111101000011101110111010111000
10111110110010111110100001011110
10111100000100110101101011100011
10111101100101110011010101100101
00111100000011010110000100011100
00111100011111010110000101010110
10111011100001110110010111111000
00111011010010110101110001000010
00111100100101110100101111101010
10111010101111110110100101110111
10111110101011101000100111011010
10111100000110000010000001000111
00111100001000000100000000001110
