00111110101100000101111001000001
00111110001110011101010000101001
10111101111001100001111000001000
00111110110111111001010010111001
10111101101100001011100111000111
00111110010100110010010001110011
00111110100011001010110000110010
00111101101111001101001010101100
00111101101010100100110110000111
10111101100111110111000100011100
00111110100100001001011100001011
00111101101111010001011001010110
00111111000000000101111011000001
00111111010010000110111011011011
10111101001110111000001110010111
00111110001010001000110010110101
10111101101011001101011101001110
10111101011001101110100111011110
00111110101110100101100010110111
00111111000011011010011101110000
10111101111000001010101000100100
00111110110110001010010101011100
10111110000001010011111110001011
00111111100101000010111111000101
