01000001101000000000000000000000
01000001100000000000000000000000
01000001010000000000000000000000
01000001100100000000000000000000
01000001110010000000000000000000
01000001101010000000000000000000
01000001101000000000000000000000
01000001110000000000000000000000
01000001011000000000000000000000
01000001011100000000000000000000
01000001101010000000000000000000
01000001011100000000000000000000
01000001011000000000000000000000
01000001011000000000000000000000
01000001001100000000000000000000
01000001010100000000000000000000
01000001011000000000000000000000
01000001011000000000000000000000
01000001011000000000000000000000
01000001101010000000000000000000
01000001101110000000000000000000
01000001000100000000000000000000
01000001100110000000000000000000
01000010000001000000000000000000
01000001101100000000000000000000
01000001110100000000000000000000
01000010100001000000000000000000
01000010110010000000000000000000
01000010100010100000000000000000
01000010100111100000000000000000
01000010100111000000000000000000
01000010101101000000000000000000
01000010100011100000000000000000
01000010101010100000000000000000
01000010100111100000000000000000
01000010001110000000000000000000
01000001110000000000000000000000
01000001101110000000000000000000
01000001100110000000000000000000
01000001111110000000000000000000
01000001111000000000000000000000
01000001110000000000000000000000
01000001110000000000000000000000
01000010000101000000000000000000
01000010000101000000000000000000
01000010000100000000000000000000
01000010000001000000000000000000
01000001110000000000000000000000
01000001100000000000000000000000
01000001011100000000000000000000
01000001100110000000000000000000
01000001101000000000000000000000
01000001011000000000000000000000
01000001110110000000000000000000
01000010000111000000000000000000
01000010000011000000000000000000
01000001100110000000000000000000
01000001100110000000000000000000
01000001100100000000000000000000
01000001100110000000000000000000
01000001011100000000000000000000
01000001010100000000000000000000
01000001011000000000000000000000
01000001011100000000000000000000
01000001011100000000000000000000
01000001011000000000000000000000
01000001101000000000000000000000
01000010100010000000000000000000
01000010100100100000000000000000
01000010001111000000000000000000
01000010100111100000000000000000
01000010110000000000000000000000
01000010100010100000000000000000
01000010110011000000000000000000
01000011000000100000000000000000
01000011000101100000000000000000
01000011000011110000000000000000
01000011000110000000000000000000
01000011000110010000000000000000
01000011000001100000000000000000
01000010111011100000000000000000
01000010111100100000000000000000
01000010111100100000000000000000
01000010101000000000000000000000
01000010000001000000000000000000
01000001100110000000000000000000
01000001011100000000000000000000
01000001111000000000000000000000
01000001110110000000000000000000
01000001111100000000000000000000
01000010001101000000000000000000
01000001111010000000000000000000
01000010000101000000000000000000
01000010001001000000000000000000
01000010000011000000000000000000
01000001101110000000000000000000
01000001011100000000000000000000
01000001011100000000000000000000
01000001100010000000000000000000
01000001100100000000000000000000
01000001010100000000000000000000
01000001101100000000000000000000
01000010000011000000000000000000
01000001111010000000000000000000
01000001110000000000000000000000
01000001100000000000000000000000
01000001100000000000000000000000
01000001100100000000000000000000
01000001011000000000000000000000
01000001011000000000000000000000
01000001011000000000000000000000
01000001101000000000000000000000
01000001100000000000000000000000
01000001010100000000000000000000
01000010100100100000000000000000
01000011000010010000000000000000
01000010111100100000000000000000
01000011000001100000000000000000
01000011000011010000000000000000
01000011000101100000000000000000
01000011000010010000000000000000
01000011000010100000000000000000
01000011000100100000000000000000
01000011000111100000000000000000
01000011000111110000000000000000
01000011000110100000000000000000
01000011000100100000000000000000
01000011000011110000000000000000
01000011000011100000000000000000
01000011000000110000000000000000
01000011000011100000000000000000
01000010111100100000000000000000
01000010101100000000000000000000
01000010001001000000000000000000
01000001100110000000000000000000
01000001100110000000000000000000
01000001100110000000000000000000
01000001111110000000000000000000
01000010000001000000000000000000
01000001110100000000000000000000
01000010000100000000000000000000
01000010000111000000000000000000
01000010000000000000000000000000
01000001110010000000000000000000
01000001101010000000000000000000
01000001100010000000000000000000
01000001011100000000000000000000
01000001011100000000000000000000
01000001011100000000000000000000
01000001100010000000000000000000
01000001101100000000000000000000
01000001110000000000000000000000
01000001100110000000000000000000
01000001010100000000000000000000
01000001011100000000000000000000
01000001100100000000000000000000
01000001100000000000000000000000
01000001010100000000000000000000
01000001010000000000000000000000
01000001011000000000000000000000
01000001100110000000000000000000
01000010100011100000000000000000
01000011000000010000000000000000
01000011000100000000000000000000
01000011000111100000000000000000
01000011001001100000000000000000
01000011000111000000000000000000
01000011000101000000000000000000
01000011000011000000000000000000
01000011000100000000000000000000
01000011000101110000000000000000
01000011000110110000000000000000
01000011000111000000000000000000
01000011000101010000000000000000
01000011000100110000000000000000
01000011000100010000000000000000
01000011000110110000000000000000
01000011000101100000000000000000
01000011000010010000000000000000
01000010111010100000000000000000
01000010110000100000000000000000
01000010101001000000000000000000
01000010010001000000000000000000
01000001101010000000000000000000
01000001100110000000000000000000
01000001101000000000000000000000
01000001101010000000000000000000
01000001111100000000000000000000
01000010000110000000000000000000
01000010000100000000000000000000
01000010000010000000000000000000
01000001111110000000000000000000
01000001110000000000000000000000
01000001100010000000000000000000
01000001011100000000000000000000
01000001101000000000000000000000
01000001011100000000000000000000
01000001100100000000000000000000
01000001101000000000000000000000
01000001101000000000000000000000
01000001001100000000000000000000
01000001010000000000000000000000
01000001010100000000000000000000
01000001011000000000000000000000
01000001100000000000000000000000
01000001011100000000000000000000
01000001110010000000000000000000
01000010000111000000000000000000
01000010101011100000000000000000
01000010111011100000000000000000
01000011000000100000000000000000
01000011000110010000000000000000
01000011001000000000000000000000
01000011000110010000000000000000
01000011001000010000000000000000
01000011000110000000000000000000
01000011000100100000000000000000
01000011000110000000000000000000
01000011000110100000000000000000
01000011000111010000000000000000
01000011001011000000000000000000
01000011001011000000000000000000
01000011001001110000000000000000
01000011001001010000000000000000
01000011001000000000000000000000
01000011000100000000000000000000
01000011000001010000000000000000
01000010111000100000000000000000
01000010110000100000000000000000
01000010100111000000000000000000
01000010100110000000000000000000
01000010000000000000000000000000
01000001100100000000000000000000
01000001101010000000000000000000
01000001100110000000000000000000
01000001111000000000000000000000
01000010000010000000000000000000
01000010000101000000000000000000
01000010001101000000000000000000
01000010000011000000000000000000
01000001100100000000000000000000
01000001010100000000000000000000
01000001100010000000000000000000
01000001101010000000000000000000
01000001011100000000000000000000
01000001101010000000000000000000
01000001110010000000000000000000
01000001100010000000000000000000
01000001010100000000000000000000
01000001011000000000000000000000
01000001100100000000000000000000
01000001100110000000000000000000
01000001010000000000000000000000
01000001101100000000000000000000
01000010101010100000000000000000
01000010110111000000000000000000
01000010111111100000000000000000
01000011000000110000000000000000
01000011000001000000000000000000
01000011000010010000000000000000
01000011000101010000000000000000
01000011000100010000000000000000
01000011000101100000000000000000
01000011000101000000000000000000
01000011000111100000000000000000
01000011001010000000000000000000
01000011001011110000000000000000
01000011001101000000000000000000
01000011001101100000000000000000
01000011001110110000000000000000
01000011001101000000000000000000
01000011001100100000000000000000
01000011001011110000000000000000
01000011001001000000000000000000
01000011000111100000000000000000
01000011000101010000000000000000
01000011000000010000000000000000
01000010101101000000000000000000
01000010011101000000000000000000
01000010001100000000000000000000
01000001100100000000000000000000
01000001110110000000000000000000
01000010000010000000000000000000
01000001111100000000000000000000
01000001111000000000000000000000
01000001111100000000000000000000
01000010001010000000000000000000
01000010000100000000000000000000
01000001100110000000000000000000
01000001011100000000000000000000
01000001011100000000000000000000
01000001011100000000000000000000
01000001011000000000000000000000
01000001101100000000000000000000
01000001111010000000000000000000
01000001100000000000000000000000
01000001100010000000000000000000
01000001011100000000000000000000
01000001100010000000000000000000
01000001100010000000000000000000
01000001110000000000000000000000
01000010100011000000000000000000
01000010110100000000000000000000
01000010111100000000000000000000
01000011000001010000000000000000
01000010111111000000000000000000
01000011000010010000000000000000
01000011000100100000000000000000
01000011000110110000000000000000
01000011000100110000000000000000
01000011001001000000000000000000
01000011001100110000000000000000
01000011001101000000000000000000
01000011001101110000000000000000
01000011001101010000000000000000
01000011001101100000000000000000
01000011001111000000000000000000
01000011001110000000000000000000
01000011001101010000000000000000
01000011001101010000000000000000
01000011001101110000000000000000
01000011001011110000000000000000
01000011001001110000000000000000
01000011000101110000000000000000
01000011000011110000000000000000
01000010111100100000000000000000
01000010101001100000000000000000
01000010011110000000000000000000
01000001111010000000000000000000
01000001110000000000000000000000
01000001110000000000000000000000
01000010000010000000000000000000
01000001101110000000000000000000
01000001111000000000000000000000
01000010000101000000000000000000
01000001111110000000000000000000
01000001111000000000000000000000
01000001110010000000000000000000
01000001011100000000000000000000
01000001010100000000000000000000
01000001011100000000000000000000
01000001011100000000000000000000
01000001011000000000000000000000
01000001100100000000000000000000
01000001100000000000000000000000
01000001100010000000000000000000
01000001011100000000000000000000
01000001100010000000000000000000
01000010010111000000000000000000
01000010101100000000000000000000
01000010111000000000000000000000
01000010111000100000000000000000
01000010110100000000000000000000
01000010101011000000000000000000
01000011000000010000000000000000
01000011000100100000000000000000
01000011000001110000000000000000
01000011000110100000000000000000
01000011001011110000000000000000
01000011001101010000000000000000
01000011001101100000000000000000
01000011001101010000000000000000
01000011001100110000000000000000
01000011001110010000000000000000
01000011001111000000000000000000
01000011001111000000000000000000
01000011001101000000000000000000
01000011001101100000000000000000
01000011001110010000000000000000
01000011001110000000000000000000
01000011001011110000000000000000
01000011001001100000000000000000
01000011001000010000000000000000
01000011000100010000000000000000
01000010111011100000000000000000
01000010100100000000000000000000
01000010000100000000000000000000
01000001110100000000000000000000
01000001101100000000000000000000
01000010000110000000000000000000
01000010000001000000000000000000
01000001111000000000000000000000
01000001111000000000000000000000
01000001110010000000000000000000
01000001111000000000000000000000
01000001101100000000000000000000
01000001101110000000000000000000
01000001110010000000000000000000
01000001100110000000000000000000
01000001100010000000000000000000
01000001100000000000000000000000
01000001011100000000000000000000
01000001100110000000000000000000
01000001100110000000000000000000
01000001101010000000000000000000
01000010000101000000000000000000
01000010100011000000000000000000
01000010110101100000000000000000
01000010110001100000000000000000
01000010110001000000000000000000
01000010110010000000000000000000
01000010111010100000000000000000
01000010111101100000000000000000
01000011000101000000000000000000
01000011001010010000000000000000
01000011001001110000000000000000
01000011001100100000000000000000
01000011001110000000000000000000
01000011001111000000000000000000
01000011001110110000000000000000
01000011001111010000000000000000
01000011001111110000000000000000
01000011001111110000000000000000
01000011001111010000000000000000
01000011001110010000000000000000
01000011001110110000000000000000
01000011001101000000000000000000
01000011001100010000000000000000
01000011001100100000000000000000
01000011001011000000000000000000
01000011001000110000000000000000
01000011000111000000000000000000
01000011000100110000000000000000
01000010110000100000000000000000
01000010000010000000000000000000
01000001011000000000000000000000
01000001011000000000000000000000
01000010000010000000000000000000
01000010001000000000000000000000
01000010000010000000000000000000
01000010000111000000000000000000
01000001111110000000000000000000
01000001010100000000000000000000
01000001011100000000000000000000
01000001101010000000000000000000
01000001100100000000000000000000
01000001101000000000000000000000
01000001100000000000000000000000
01000001100000000000000000000000
01000001010100000000000000000000
01000001110100000000000000000000
01000010000110000000000000000000
01000010010101000000000000000000
01000010101010000000000000000000
01000010101100100000000000000000
01000010100011100000000000000000
01000010101010100000000000000000
01000010101110000000000000000000
01000010111011000000000000000000
01000010111101100000000000000000
01000011000010110000000000000000
01000011001011100000000000000000
01000011001011000000000000000000
01000011001011110000000000000000
01000011001101110000000000000000
01000011010000110000000000000000
01000011010010000000000000000000
01000011001111010000000000000000
01000011001110110000000000000000
01000011001110100000000000000000
01000011001101110000000000000000
01000011001110100000000000000000
01000011001110010000000000000000
01000011001110010000000000000000
01000011001100100000000000000000
01000011001100100000000000000000
01000011001101010000000000000000
01000011001011110000000000000000
01000011001000110000000000000000
01000011001000100000000000000000
01000011000111100000000000000000
01000010111111000000000000000000
01000010010011000000000000000000
01000001101010000000000000000000
01000001110110000000000000000000
01000010000101000000000000000000
01000010000101000000000000000000
01000010000010000000000000000000
01000010000101000000000000000000
01000010000010000000000000000000
01000001111110000000000000000000
01000001100010000000000000000000
01000001100010000000000000000000
01000001100000000000000000000000
01000001101000000000000000000000
01000001011100000000000000000000
01000001100010000000000000000000
01000001110000000000000000000000
01000010000011000000000000000000
01000010010110000000000000000000
01000010101000000000000000000000
01000010101111000000000000000000
01000010100111100000000000000000
01000010100100100000000000000000
01000010011101000000000000000000
01000010101011000000000000000000
01000010110110100000000000000000
01000011000011010000000000000000
01000011001100010000000000000000
01000011001010010000000000000000
01000011001010000000000000000000
01000011001100110000000000000000
01000011001101110000000000000000
01000011001111110000000000000000
01000011010001000000000000000000
01000011001110110000000000000000
01000011001110100000000000000000
01000011001110110000000000000000
01000011001111010000000000000000
01000011001111110000000000000000
01000011001111100000000000000000
01000011001101110000000000000000
01000011001100010000000000000000
01000011001101000000000000000000
01000011001100010000000000000000
01000011001010110000000000000000
01000011001010010000000000000000
01000011000111110000000000000000
01000011000111000000000000000000
01000011000010010000000000000000
01000010100100100000000000000000
01000001110000000000000000000000
01000010000001000000000000000000
01000010001011000000000000000000
01000010000011000000000000000000
01000001111100000000000000000000
01000001111100000000000000000000
01000010000001000000000000000000
01000001110010000000000000000000
01000001110100000000000000000000
01000001100000000000000000000000
01000001101010000000000000000000
01000001110010000000000000000000
01000001100110000000000000000000
01000001100010000000000000000000
01000001110010000000000000000000
01000010001000000000000000000000
01000010011100000000000000000000
01000010101110000000000000000000
01000010100111000000000000000000
01000010100101000000000000000000
01000010100001100000000000000000
01000010010111000000000000000000
01000010101101000000000000000000
01000011000100010000000000000000
01000011001101000000000000000000
01000011001100100000000000000000
01000011001010000000000000000000
01000011001100010000000000000000
01000011001101110000000000000000
01000011001101110000000000000000
01000011001111110000000000000000
01000011010000000000000000000000
01000011001111110000000000000000
01000011001110110000000000000000
01000011001111010000000000000000
01000011001111100000000000000000
01000011010000110000000000000000
01000011010000100000000000000000
01000011001111000000000000000000
01000011001101100000000000000000
01000011001100000000000000000000
01000011001100110000000000000000
01000011001011110000000000000000
01000011001100000000000000000000
01000011001011100000000000000000
01000011001000110000000000000000
01000011000100000000000000000000
01000010101110100000000000000000
01000001110110000000000000000000
01000010000110000000000000000000
01000010001000000000000000000000
01000010000010000000000000000000
01000010000001000000000000000000
01000010000011000000000000000000
01000010000001000000000000000000
01000001100010000000000000000000
01000001101000000000000000000000
01000001111110000000000000000000
01000001110010000000000000000000
01000001101110000000000000000000
01000001101010000000000000000000
01000001100010000000000000000000
01000001110110000000000000000000
01000010001010000000000000000000
01000010100000100000000000000000
01000010011110000000000000000000
01000010100001000000000000000000
01000010011110000000000000000000
01000010011001000000000000000000
01000010101001100000000000000000
01000011000011000000000000000000
01000011001100000000000000000000
01000011001101010000000000000000
01000011001011110000000000000000
01000011001100100000000000000000
01000011001100110000000000000000
01000011001100100000000000000000
01000011001110110000000000000000
01000011001111100000000000000000
01000011010000000000000000000000
01000011001110110000000000000000
01000011001111000000000000000000
01000011001110100000000000000000
01000011001110100000000000000000
01000011010000010000000000000000
01000011001110110000000000000000
01000011001101100000000000000000
01000011001101100000000000000000
01000011001100110000000000000000
01000011001011110000000000000000
01000011001010110000000000000000
01000011001011010000000000000000
01000011001001110000000000000000
01000011000100010000000000000000
01000011000001000000000000000000
01000010110101100000000000000000
01000010000111000000000000000000
01000010000110000000000000000000
01000010000101000000000000000000
01000010000101000000000000000000
01000001111110000000000000000000
01000010000000000000000000000000
01000010000001000000000000000000
01000001110010000000000000000000
01000001100100000000000000000000
01000001101100000000000000000000
01000001110100000000000000000000
01000001111010000000000000000000
01000001110000000000000000000000
01000001101100000000000000000000
01000010000110000000000000000000
01000010001101000000000000000000
01000010100000100000000000000000
01000010100101000000000000000000
01000010100011100000000000000000
01000010011111000000000000000000
01000010110100100000000000000000
01000011000100000000000000000000
01000011001001110000000000000000
01000011001100100000000000000000
01000011001101100000000000000000
01000011010000000000000000000000
01000011001110110000000000000000
01000011001111010000000000000000
01000011001111000000000000000000
01000011001110110000000000000000
01000011001111000000000000000000
01000011001111110000000000000000
01000011010001010000000000000000
01000011010000010000000000000000
01000011001111000000000000000000
01000011001110000000000000000000
01000011001111110000000000000000
01000011001111110000000000000000
01000011001110110000000000000000
01000011001101010000000000000000
01000011001101100000000000000000
01000011001011100000000000000000
01000011001000100000000000000000
01000011000111000000000000000000
01000011000010000000000000000000
01000010111011000000000000000000
01000010111010100000000000000000
01000010111001100000000000000000
01000010010101000000000000000000
01000010000110000000000000000000
01000010000001000000000000000000
01000001111110000000000000000000
01000001111000000000000000000000
01000010000100000000000000000000
01000010000011000000000000000000
01000001111010000000000000000000
01000001111010000000000000000000
01000001110000000000000000000000
01000001101100000000000000000000
01000001100110000000000000000000
01000001100110000000000000000000
01000001111010000000000000000000
01000010001010000000000000000000
01000010001110000000000000000000
01000010001101000000000000000000
01000010011110000000000000000000
01000010101001000000000000000000
01000010111000100000000000000000
01000011000100100000000000000000
01000011000101110000000000000000
01000011001000110000000000000000
01000011001011100000000000000000
01000011001111100000000000000000
01000011010001100000000000000000
01000011001111110000000000000000
01000011001111000000000000000000
01000011010000110000000000000000
01000011001111110000000000000000
01000011001111000000000000000000
01000011010000000000000000000000
01000011001111010000000000000000
01000011001111010000000000000000
01000011001110110000000000000000
01000011001101000000000000000000
01000011001110100000000000000000
01000011010000000000000000000000
01000011001110010000000000000000
01000011001101000000000000000000
01000011001100000000000000000000
01000011000111000000000000000000
01000010111000000000000000000000
01000010101000100000000000000000
01000010101101100000000000000000
01000010111111100000000000000000
01000010111100000000000000000000
01000010110010100000000000000000
01000010011110000000000000000000
01000010001001000000000000000000
01000010000000000000000000000000
01000001101010000000000000000000
01000001110100000000000000000000
01000010001101000000000000000000
01000010001100000000000000000000
01000001111110000000000000000000
01000001101010000000000000000000
01000001101000000000000000000000
01000001100010000000000000000000
01000001100100000000000000000000
01000001111100000000000000000000
01000010011000000000000000000000
01000010001000000000000000000000
01000010000110000000000000000000
01000010001101000000000000000000
01000010011111000000000000000000
01000010110101100000000000000000
01000011000100000000000000000000
01000011000110110000000000000000
01000011000111000000000000000000
01000011001001000000000000000000
01000011001100010000000000000000
01000011001010110000000000000000
01000011000100000000000000000000
01000011000010000000000000000000
01000011000000000000000000000000
01000011000010010000000000000000
01000011000110100000000000000000
01000011001010010000000000000000
01000011001011010000000000000000
01000011001011000000000000000000
01000011001100110000000000000000
01000011001111010000000000000000
01000011001101010000000000000000
01000011001101010000000000000000
01000011001110100000000000000000
01000011001101100000000000000000
01000011001100110000000000000000
01000011000110010000000000000000
01000010101011000000000000000000
01000010100110000000000000000000
01000010111000100000000000000000
01000011000100010000000000000000
01000011000101100000000000000000
01000011000010000000000000000000
01000010110011000000000000000000
01000010100001000000000000000000
01000010001100000000000000000000
01000010000100000000000000000000
01000001101010000000000000000000
01000001101100000000000000000000
01000010000010000000000000000000
01000010001011000000000000000000
01000010000011000000000000000000
01000001100100000000000000000000
01000001100100000000000000000000
01000001110010000000000000000000
01000001111000000000000000000000
01000001110110000000000000000000
01000010001011000000000000000000
01000010001101000000000000000000
01000010010001000000000000000000
01000010011011000000000000000000
01000010100011100000000000000000
01000010111000000000000000000000
01000011000101010000000000000000
01000011001000000000000000000000
01000011000111000000000000000000
01000011001000000000000000000000
01000011001001010000000000000000
01000011000001110000000000000000
01000010111100000000000000000000
01000010111100100000000000000000
01000010101101000000000000000000
01000010100100100000000000000000
01000010100000000000000000000000
01000010101101100000000000000000
01000010111000000000000000000000
01000011000011010000000000000000
01000011000111000000000000000000
01000011001100000000000000000000
01000011001100100000000000000000
01000011001010010000000000000000
01000011001100010000000000000000
01000011001010010000000000000000
01000011000101100000000000000000
01000010110011100000000000000000
01000010110010100000000000000000
01000011001000110000000000000000
01000011001010110000000000000000
01000011001000100000000000000000
01000011000100110000000000000000
01000011000000000000000000000000
01000010110111000000000000000000
01000010101000000000000000000000
01000010000110000000000000000000
01000001111000000000000000000000
01000001110100000000000000000000
01000001101100000000000000000000
01000010000010000000000000000000
01000010000011000000000000000000
01000010000010000000000000000000
01000001101010000000000000000000
01000001101100000000000000000000
01000001110010000000000000000000
01000001110100000000000000000000
01000001110110000000000000000000
01000010010010000000000000000000
01000010011001000000000000000000
01000010010110000000000000000000
01000010010110000000000000000000
01000010011110000000000000000000
01000010111001000000000000000000
01000011000111010000000000000000
01000011001001110000000000000000
01000011000111100000000000000000
01000011000111000000000000000000
01000011000100100000000000000000
01000011000100110000000000000000
01000011000111100000000000000000
01000011001001000000000000000000
01000011000111010000000000000000
01000011000110010000000000000000
01000011000110010000000000000000
01000011000011000000000000000000
01000010111100100000000000000000
01000010110111100000000000000000
01000010111111100000000000000000
01000011000110000000000000000000
01000011001011000000000000000000
01000011001010110000000000000000
01000011001011000000000000000000
01000011000111110000000000000000
01000010111100100000000000000000
01000010111110100000000000000000
01000011001000010000000000000000
01000011000101010000000000000000
01000011000010100000000000000000
01000010111100000000000000000000
01000010110010100000000000000000
01000010110000000000000000000000
01000010111011000000000000000000
01000010110111000000000000000000
01000010000111000000000000000000
01000001110110000000000000000000
01000001111000000000000000000000
01000001110010000000000000000000
01000001111000000000000000000000
01000001111100000000000000000000
01000001110110000000000000000000
01000001101000000000000000000000
01000001100010000000000000000000
01000001100110000000000000000000
01000010000000000000000000000000
01000010001000000000000000000000
01000010001100000000000000000000
01000010011001000000000000000000
01000010011000000000000000000000
01000010001011000000000000000000
01000010100011000000000000000000
01000010111001100000000000000000
01000011000110100000000000000000
01000011001010100000000000000000
01000011001001100000000000000000
01000011000110100000000000000000
01000011000101100000000000000000
01000011001000110000000000000000
01000011001100010000000000000000
01000011001101110000000000000000
01000011010000010000000000000000
01000011001110100000000000000000
01000011001101110000000000000000
01000011001010110000000000000000
01000011000110110000000000000000
01000011000100100000000000000000
01000011000101100000000000000000
01000011000101010000000000000000
01000011001000100000000000000000
01000011001100000000000000000000
01000011001011100000000000000000
01000011001000000000000000000000
01000011000010110000000000000000
01000011000101110000000000000000
01000011000100000000000000000000
01000010111001000000000000000000
01000010011010000000000000000000
01000010000010000000000000000000
01000010100011000000000000000000
01000010100111000000000000000000
01000010111101100000000000000000
01000011000001110000000000000000
01000010011000000000000000000000
01000001110010000000000000000000
01000001110100000000000000000000
01000001110100000000000000000000
01000001110110000000000000000000
01000001111000000000000000000000
01000001100100000000000000000000
01000001100000000000000000000000
01000001100100000000000000000000
01000001101010000000000000000000
01000010001000000000000000000000
01000001111100000000000000000000
01000010000011000000000000000000
01000010100000000000000000000000
01000010011011000000000000000000
01000010001111000000000000000000
01000010100010000000000000000000
01000010111011100000000000000000
01000011000110010000000000000000
01000011001010010000000000000000
01000011001010010000000000000000
01000011001001000000000000000000
01000011000100000000000000000000
01000011000110110000000000000000
01000011001001010000000000000000
01000011000110110000000000000000
01000011000011010000000000000000
01000011000011010000000000000000
01000010111000100000000000000000
01000010100100000000000000000000
01000010100010100000000000000000
01000010111000100000000000000000
01000011000011000000000000000000
01000011000111100000000000000000
01000011001010110000000000000000
01000011001100100000000000000000
01000011001101010000000000000000
01000011000111100000000000000000
01000011000101010000000000000000
01000011000101000000000000000000
01000011000101010000000000000000
01000011000011000000000000000000
01000010100010000000000000000000
01000010100001000000000000000000
01000010110011000000000000000000
01000010111000000000000000000000
01000011000100110000000000000000
01000011000101100000000000000000
01000010100001100000000000000000
01000010000010000000000000000000
01000001101100000000000000000000
01000001101000000000000000000000
01000001110010000000000000000000
01000001111000000000000000000000
01000001100010000000000000000000
01000001100110000000000000000000
01000001101010000000000000000000
01000001111110000000000000000000
01000001111010000000000000000000
01000001111010000000000000000000
01000001101110000000000000000000
01000010101001000000000000000000
01000010101110000000000000000000
01000010011011000000000000000000
01000010101010100000000000000000
01000011000010000000000000000000
01000011000110000000000000000000
01000011001001100000000000000000
01000011001001100000000000000000
01000011001011100000000000000000
01000011000101100000000000000000
01000011000001100000000000000000
01000011000000110000000000000000
01000010110101000000000000000000
01000010111100100000000000000000
01000010111100000000000000000000
01000010000100000000000000000000
01000001101000000000000000000000
01000010101110000000000000000000
01000011000010110000000000000000
01000011000100010000000000000000
01000011000100000000000000000000
01000011001000100000000000000000
01000011001101100000000000000000
01000011001100100000000000000000
01000011001000100000000000000000
01000011000110010000000000000000
01000011001000000000000000000000
01000011001000110000000000000000
01000011000111010000000000000000
01000011000111000000000000000000
01000011000101000000000000000000
01000011000011110000000000000000
01000011000111000000000000000000
01000011000110100000000000000000
01000011000101110000000000000000
01000010100011100000000000000000
01000010000111000000000000000000
01000001111000000000000000000000
01000001100110000000000000000000
01000001101110000000000000000000
01000001110000000000000000000000
01000001101010000000000000000000
01000001101110000000000000000000
01000001101010000000000000000000
01000001101010000000000000000000
01000001110000000000000000000000
01000001110100000000000000000000
01000001100110000000000000000000
01000010100010000000000000000000
01000011000001100000000000000000
01000010110000100000000000000000
01000010110110000000000000000000
01000011000001010000000000000000
01000011000011110000000000000000
01000011000111100000000000000000
01000011001001100000000000000000
01000011001100110000000000000000
01000011001100100000000000000000
01000011001000100000000000000000
01000011000011010000000000000000
01000011000010110000000000000000
01000011000110000000000000000000
01000011000111010000000000000000
01000010111111100000000000000000
01000010111110000000000000000000
01000011000101110000000000000000
01000011001000010000000000000000
01000011000011110000000000000000
01000011000100010000000000000000
01000011000111110000000000000000
01000011001100110000000000000000
01000011001101010000000000000000
01000011001010000000000000000000
01000011000111100000000000000000
01000011000111010000000000000000
01000011001010010000000000000000
01000011001001010000000000000000
01000011001001110000000000000000
01000011001001000000000000000000
01000011001011000000000000000000
01000011001010000000000000000000
01000011000110010000000000000000
01000011000100110000000000000000
01000010101001100000000000000000
01000010010010000000000000000000
01000010000100000000000000000000
01000001101100000000000000000000
01000001110110000000000000000000
01000001110100000000000000000000
01000001101010000000000000000000
01000001100110000000000000000000
01000001101000000000000000000000
01000001110000000000000000000000
01000010000000000000000000000000
01000001110010000000000000000000
01000001101010000000000000000000
01000010011000000000000000000000
01000011000101010000000000000000
01000011000011010000000000000000
01000010111101100000000000000000
01000011000001010000000000000000
01000011000011000000000000000000
01000011000110110000000000000000
01000011001001000000000000000000
01000011001100000000000000000000
01000011001101010000000000000000
01000011001111000000000000000000
01000011001011000000000000000000
01000011001010000000000000000000
01000011001001110000000000000000
01000011001001100000000000000000
01000011001010110000000000000000
01000011001011000000000000000000
01000011001010110000000000000000
01000011000111100000000000000000
01000011000101100000000000000000
01000011000110000000000000000000
01000011001000010000000000000000
01000011001101000000000000000000
01000011001101110000000000000000
01000011001011000000000000000000
01000011001001100000000000000000
01000011001001000000000000000000
01000011001001100000000000000000
01000011001011110000000000000000
01000011001011100000000000000000
01000011001000010000000000000000
01000011001010110000000000000000
01000011001001100000000000000000
01000011000111000000000000000000
01000011000100010000000000000000
01000010101110100000000000000000
01000010010001000000000000000000
01000010000011000000000000000000
01000001111000000000000000000000
01000001110110000000000000000000
01000001111000000000000000000000
01000001101000000000000000000000
01000001100000000000000000000000
01000001101010000000000000000000
01000001101100000000000000000000
01000001101110000000000000000000
01000001110010000000000000000000
01000001101000000000000000000000
01000010001100000000000000000000
01000011000011000000000000000000
01000011000100100000000000000000
01000011000011000000000000000000
01000011000010000000000000000000
01000011000011010000000000000000
01000011000101100000000000000000
01000011001010000000000000000000
01000011001100000000000000000000
01000011001100100000000000000000
01000011001101100000000000000000
01000011001101100000000000000000
01000011001110000000000000000000
01000011001110010000000000000000
01000011001101000000000000000000
01000011001011110000000000000000
01000011001011110000000000000000
01000011001010000000000000000000
01000011001000000000000000000000
01000011001010000000000000000000
01000011001010000000000000000000
01000011001001010000000000000000
01000011001100000000000000000000
01000011001101100000000000000000
01000011001011110000000000000000
01000011001010000000000000000000
01000011001010010000000000000000
01000011001011000000000000000000
01000011001011110000000000000000
01000011001011010000000000000000
01000011001001100000000000000000
01000011001001100000000000000000
01000011000111100000000000000000
01000011000101100000000000000000
01000011000101000000000000000000
01000010110001000000000000000000
01000010001010000000000000000000
01000001111100000000000000000000
01000001111100000000000000000000
01000001111100000000000000000000
01000001110110000000000000000000
01000001100010000000000000000000
01000001100000000000000000000000
01000001101100000000000000000000
01000001111000000000000000000000
01000001110010000000000000000000
01000001110010000000000000000000
01000001100100000000000000000000
01000001111110000000000000000000
01000010110001100000000000000000
01000011000100110000000000000000
01000011000110100000000000000000
01000011000000000000000000000000
01000011000000010000000000000000
01000011000010010000000000000000
01000011001000100000000000000000
01000011001011100000000000000000
01000011001100110000000000000000
01000011001101010000000000000000
01000011001101000000000000000000
01000011001110000000000000000000
01000011001110010000000000000000
01000011001100010000000000000000
01000011001100000000000000000000
01000011001100010000000000000000
01000011001010110000000000000000
01000011001011000000000000000000
01000011001010100000000000000000
01000011001001100000000000000000
01000011001010000000000000000000
01000011001011100000000000000000
01000011001011110000000000000000
01000011001011110000000000000000
01000011001000010000000000000000
01000011000111100000000000000000
01000011001100010000000000000000
01000011001011110000000000000000
01000011001100000000000000000000
01000011001010000000000000000000
01000011000110110000000000000000
01000011000101010000000000000000
01000011000100100000000000000000
01000011000011010000000000000000
01000010101110100000000000000000
01000010001001000000000000000000
01000001111100000000000000000000
01000001111110000000000000000000
01000010000100000000000000000000
01000001110100000000000000000000
01000001011100000000000000000000
01000001100010000000000000000000
01000001101000000000000000000000
01000001101010000000000000000000
01000001110100000000000000000000
01000001101000000000000000000000
01000001011100000000000000000000
01000001101000000000000000000000
01000010011101000000000000000000
01000011000000010000000000000000
01000011000101110000000000000000
01000011000010000000000000000000
01000010111100100000000000000000
01000011000000110000000000000000
01000011000110010000000000000000
01000011001100010000000000000000
01000011001101100000000000000000
01000011001011110000000000000000
01000011001101000000000000000000
01000011001110010000000000000000
01000011001110110000000000000000
01000011001111010000000000000000
01000011001111100000000000000000
01000011001110100000000000000000
01000011001100110000000000000000
01000011001010000000000000000000
01000011000111010000000000000000
01000011000111100000000000000000
01000011001011000000000000000000
01000011001010110000000000000000
01000011001100000000000000000000
01000011001100110000000000000000
01000011001001010000000000000000
01000011000110110000000000000000
01000011000111110000000000000000
01000011001011010000000000000000
01000011001011110000000000000000
01000011001011000000000000000000
01000011001000110000000000000000
01000011000101000000000000000000
01000011000100110000000000000000
01000011000011010000000000000000
01000010101110000000000000000000
01000010000101000000000000000000
01000010000000000000000000000000
01000010000100000000000000000000
01000001111110000000000000000000
01000001101100000000000000000000
01000001011100000000000000000000
01000001100100000000000000000000
01000001100110000000000000000000
01000001100100000000000000000000
01000001100110000000000000000000
01000001100010000000000000000000
01000001110100000000000000000000
01000001110010000000000000000000
01000010001101000000000000000000
01000011000000010000000000000000
01000011000111010000000000000000
01000011000111000000000000000000
01000011000001010000000000000000
01000011000001100000000000000000
01000011000110000000000000000000
01000011001010110000000000000000
01000011001011110000000000000000
01000011001011100000000000000000
01000011001010100000000000000000
01000011001100000000000000000000
01000011001101010000000000000000
01000011001101100000000000000000
01000011001110000000000000000000
01000011001110110000000000000000
01000011001011110000000000000000
01000011000110000000000000000000
01000011000100110000000000000000
01000011001000110000000000000000
01000011001011000000000000000000
01000011001011100000000000000000
01000011001110110000000000000000
01000011001101000000000000000000
01000011001011010000000000000000
01000011001001000000000000000000
01000011000100110000000000000000
01000011000110110000000000000000
01000011001010000000000000000000
01000011001000110000000000000000
01000011001000010000000000000000
01000011000101110000000000000000
01000011000011110000000000000000
01000011000010110000000000000000
01000010110011100000000000000000
01000010000010000000000000000000
01000001111000000000000000000000
01000010000011000000000000000000
01000001110110000000000000000000
01000001100110000000000000000000
01000001100000000000000000000000
01000001100110000000000000000000
01000001100100000000000000000000
01000001100000000000000000000000
01000001100100000000000000000000
01000001101000000000000000000000
01000010000000000000000000000000
01000001110100000000000000000000
01000010000010000000000000000000
01000010111010000000000000000000
01000011000111110000000000000000
01000011001001000000000000000000
01000011000011110000000000000000
01000011000000010000000000000000
01000011000101100000000000000000
01000011001000110000000000000000
01000011001010000000000000000000
01000011001010000000000000000000
01000011001001010000000000000000
01000011001001100000000000000000
01000011001100100000000000000000
01000011001011100000000000000000
01000011001100110000000000000000
01000011001011110000000000000000
01000011000110010000000000000000
01000011000110000000000000000000
01000011000101010000000000000000
01000011001000000000000000000000
01000011001011110000000000000000
01000011001100000000000000000000
01000011001110100000000000000000
01000011001100010000000000000000
01000011001010010000000000000000
01000011000101010000000000000000
01000011000010110000000000000000
01000011000101110000000000000000
01000011000111100000000000000000
01000011001000010000000000000000
01000011000110110000000000000000
01000011000111100000000000000000
01000011000100100000000000000000
01000011000010110000000000000000
01000010101110100000000000000000
01000010000010000000000000000000
01000001111010000000000000000000
01000010000001000000000000000000
01000001110100000000000000000000
01000001100110000000000000000000
01000001110110000000000000000000
01000001110000000000000000000000
01000001100010000000000000000000
01000001100000000000000000000000
01000001110100000000000000000000
01000010000101000000000000000000
01000010000111000000000000000000
01000010000010000000000000000000
01000010000011000000000000000000
01000010101110100000000000000000
01000011000110010000000000000000
01000011001000100000000000000000
01000011000101000000000000000000
01000011000000010000000000000000
01000011000100110000000000000000
01000011001000010000000000000000
01000011001010000000000000000000
01000011001001100000000000000000
01000011001000100000000000000000
01000011001001000000000000000000
01000011001011110000000000000000
01000011001011100000000000000000
01000011001100010000000000000000
01000011001010000000000000000000
01000011000111110000000000000000
01000011001011100000000000000000
01000011001000110000000000000000
01000011000011100000000000000000
01000011000001100000000000000000
01000011000100000000000000000000
01000011001000010000000000000000
01000011000110110000000000000000
01000011000011110000000000000000
01000011000010010000000000000000
01000011001001100000000000000000
01000011001011100000000000000000
01000011001001010000000000000000
01000011000111100000000000000000
01000011000111110000000000000000
01000011000110110000000000000000
01000011000100010000000000000000
01000011000010100000000000000000
01000010101100000000000000000000
01000010000001000000000000000000
01000010000000000000000000000000
01000010000010000000000000000000
01000001110010000000000000000000
01000001101000000000000000000000
01000001110010000000000000000000
01000001101110000000000000000000
01000001100110000000000000000000
01000001100010000000000000000000
01000001110000000000000000000000
01000010000010000000000000000000
01000010000001000000000000000000
01000010001000000000000000000000
01000010001100000000000000000000
01000010011110000000000000000000
01000010111011000000000000000000
01000011000110100000000000000000
01000011000111010000000000000000
01000011000100100000000000000000
01000011000010110000000000000000
01000011001000110000000000000000
01000011001010010000000000000000
01000011001001110000000000000000
01000011001000100000000000000000
01000011001010010000000000000000
01000011001100110000000000000000
01000011001100010000000000000000
01000011001001110000000000000000
01000011001001110000000000000000
01000011001011000000000000000000
01000011001011010000000000000000
01000011001011110000000000000000
01000011001011000000000000000000
01000011001000010000000000000000
01000011000110000000000000000000
01000011000100010000000000000000
01000011000011100000000000000000
01000011000101100000000000000000
01000011001001100000000000000000
01000011001011100000000000000000
01000011001011010000000000000000
01000011001011110000000000000000
01000011001010000000000000000000
01000011000111110000000000000000
01000011000111000000000000000000
01000011000100100000000000000000
01000011000011110000000000000000
01000010101011100000000000000000
01000001111000000000000000000000
01000010000110000000000000000000
01000010000110000000000000000000
01000001111010000000000000000000
01000001101110000000000000000000
01000001101100000000000000000000
01000001110000000000000000000000
01000001101000000000000000000000
01000001100000000000000000000000
01000001110010000000000000000000
01000001111100000000000000000000
01000001110010000000000000000000
01000010000100000000000000000000
01000010001011000000000000000000
01000010011001000000000000000000
01000010101110100000000000000000
01000011000000100000000000000000
01000011000010100000000000000000
01000011000110000000000000000000
01000011000010110000000000000000
01000011001000100000000000000000
01000011001010100000000000000000
01000011001001100000000000000000
01000011001000100000000000000000
01000011001001010000000000000000
01000011001100010000000000000000
01000011001010100000000000000000
01000011001010110000000000000000
01000011001011000000000000000000
01000011001100010000000000000000
01000011001011100000000000000000
01000011001100000000000000000000
01000011001100110000000000000000
01000011001101010000000000000000
01000011001100100000000000000000
01000011001011110000000000000000
01000011001100010000000000000000
01000011001100000000000000000000
01000011001011010000000000000000
01000011001001100000000000000000
01000011000101110000000000000000
01000011000111100000000000000000
01000011001001010000000000000000
01000011001001010000000000000000
01000011001000110000000000000000
01000011000110110000000000000000
01000011000011100000000000000000
01000010100111000000000000000000
01000001111100000000000000000000
01000010001110000000000000000000
01000010001000000000000000000000
01000001110010000000000000000000
01000001101000000000000000000000
01000001101010000000000000000000
01000001101010000000000000000000
01000001110010000000000000000000
01000001101010000000000000000000
01000001111000000000000000000000
01000001110010000000000000000000
01000001101010000000000000000000
01000010000001000000000000000000
01000010000010000000000000000000
01000010000011000000000000000000
01000010011110000000000000000000
01000010110101000000000000000000
01000010110111000000000000000000
01000011000010110000000000000000
01000011000011100000000000000000
01000011000110100000000000000000
01000011001011100000000000000000
01000011001011000000000000000000
01000011001010110000000000000000
01000011001001110000000000000000
01000011001011100000000000000000
01000011001100010000000000000000
01000011001011110000000000000000
01000011001010000000000000000000
01000011001011110000000000000000
01000011001100000000000000000000
01000011001011100000000000000000
01000011001011110000000000000000
01000011001011100000000000000000
01000011001011000000000000000000
01000011001001000000000000000000
01000011001000010000000000000000
01000011001000000000000000000000
01000011000100110000000000000000
01000011000001010000000000000000
01000011000010000000000000000000
01000011000100100000000000000000
01000011000111100000000000000000
01000011001010000000000000000000
01000011001001000000000000000000
01000011000110010000000000000000
01000011000010110000000000000000
01000010100011100000000000000000
01000001111000000000000000000000
01000010001010000000000000000000
01000010000010000000000000000000
01000001101110000000000000000000
01000001101010000000000000000000
01000001100000000000000000000000
01000001111010000000000000000000
01000010000011000000000000000000
01000001101010000000000000000000
01000001100110000000000000000000
01000001100110000000000000000000
01000001101010000000000000000000
01000001101100000000000000000000
01000001101000000000000000000000
01000001110010000000000000000000
01000010100001000000000000000000
01000010111100000000000000000000
01000010111000100000000000000000
01000010111110100000000000000000
01000011000010110000000000000000
01000011000110000000000000000000
01000011001011000000000000000000
01000011001101010000000000000000
01000011001100010000000000000000
01000011001100100000000000000000
01000011001100010000000000000000
01000011001100010000000000000000
01000011001001100000000000000000
01000011001001010000000000000000
01000011001001000000000000000000
01000011001000110000000000000000
01000011001000010000000000000000
01000011001000010000000000000000
01000011000111100000000000000000
01000011000100010000000000000000
01000010111111100000000000000000
01000010111111000000000000000000
01000010111110100000000000000000
01000010111111100000000000000000
01000011000100110000000000000000
01000011001001110000000000000000
01000011001001110000000000000000
01000011001001100000000000000000
01000011001010010000000000000000
01000011001001000000000000000000
01000011000110000000000000000000
01000011000010010000000000000000
01000010011110000000000000000000
01000001110000000000000000000000
01000010000100000000000000000000
01000010000000000000000000000000
01000001101100000000000000000000
01000001101110000000000000000000
01000001110000000000000000000000
01000001111110000000000000000000
01000001101000000000000000000000
01000001100100000000000000000000
01000001100110000000000000000000
01000001101110000000000000000000
01000001101010000000000000000000
01000001101000000000000000000000
01000001100100000000000000000000
01000001101000000000000000000000
01000010010101000000000000000000
01000010110100100000000000000000
01000010111000000000000000000000
01000010110100000000000000000000
01000011000000100000000000000000
01000011000101100000000000000000
01000011001010000000000000000000
01000011001101000000000000000000
01000011001101100000000000000000
01000011001101110000000000000000
01000011001101100000000000000000
01000011001011100000000000000000
01000011001001000000000000000000
01000011000111010000000000000000
01000011000100010000000000000000
01000011001000010000000000000000
01000011000111000000000000000000
01000011001000010000000000000000
01000011001001000000000000000000
01000011001000000000000000000000
01000011000110010000000000000000
01000011000111010000000000000000
01000011000110110000000000000000
01000011001000100000000000000000
01000011001010000000000000000000
01000011001010110000000000000000
01000011001010010000000000000000
01000011001000110000000000000000
01000011001001100000000000000000
01000011000111100000000000000000
01000011000100110000000000000000
01000010111110100000000000000000
01000010011101000000000000000000
01000010001010000000000000000000
01000010000110000000000000000000
01000010000010000000000000000000
01000001110010000000000000000000
01000001110000000000000000000000
01000001110010000000000000000000
01000001101010000000000000000000
01000001100110000000000000000000
01000001101000000000000000000000
01000001100110000000000000000000
01000001101100000000000000000000
01000001101000000000000000000000
01000001100010000000000000000000
01000001100010000000000000000000
01000001100100000000000000000000
01000010001110000000000000000000
01000010111110100000000000000000
01000011000010100000000000000000
01000010110111000000000000000000
01000011000000010000000000000000
01000011000100000000000000000000
01000011001000100000000000000000
01000011001100110000000000000000
01000011001101010000000000000000
01000011001101010000000000000000
01000011001110010000000000000000
01000011001100110000000000000000
01000011001000110000000000000000
01000011000011110000000000000000
01000011000111110000000000000000
01000011001000110000000000000000
01000011001001000000000000000000
01000011001001110000000000000000
01000011001000110000000000000000
01000011001010000000000000000000
01000011001001100000000000000000
01000011001000000000000000000000
01000011000111100000000000000000
01000011000111010000000000000000
01000011001000100000000000000000
01000011001010010000000000000000
01000011001001010000000000000000
01000011001000110000000000000000
01000011001000000000000000000000
01000011000100000000000000000000
01000010111111100000000000000000
01000010110010100000000000000000
01000010100011100000000000000000
01000010010101000000000000000000
01000010000100000000000000000000
01000010000100000000000000000000
01000001111000000000000000000000
01000001111010000000000000000000
01000001101110000000000000000000
01000001100110000000000000000000
01000001100010000000000000000000
01000001101000000000000000000000
01000001110000000000000000000000
01000010000000000000000000000000
01000001110110000000000000000000
01000001011100000000000000000000
01000001100000000000000000000000
01000001100010000000000000000000
01000010011001000000000000000000
01000011000000010000000000000000
01000011000011010000000000000000
01000010111110100000000000000000
01000011000001000000000000000000
01000011000011110000000000000000
01000011000110100000000000000000
01000011001011000000000000000000
01000011001101110000000000000000
01000011001101000000000000000000
01000011001110000000000000000000
01000011001100110000000000000000
01000011001001000000000000000000
01000011001001000000000000000000
01000011001100000000000000000000
01000011001011000000000000000000
01000011001100000000000000000000
01000011001011010000000000000000
01000011001001000000000000000000
01000011001000010000000000000000
01000011000110100000000000000000
01000011000110100000000000000000
01000011000111110000000000000000
01000011000111100000000000000000
01000011000111100000000000000000
01000011001001100000000000000000
01000011001000110000000000000000
01000011000111110000000000000000
01000011000101110000000000000000
01000010111110000000000000000000
01000010110010000000000000000000
01000010100100100000000000000000
01000010101100100000000000000000
01000010010111000000000000000000
01000001110110000000000000000000
01000010000100000000000000000000
01000010000001000000000000000000
01000010000001000000000000000000
01000001100110000000000000000000
01000001100100000000000000000000
01000001101010000000000000000000
01000001110100000000000000000000
01000010000011000000000000000000
01000010000001000000000000000000
01000001101100000000000000000000
01000001011100000000000000000000
01000001100000000000000000000000
01000001100100000000000000000000
01000010001101000000000000000000
01000011000000000000000000000000
01000011000100000000000000000000
01000011000001110000000000000000
01000011000001000000000000000000
01000011000010110000000000000000
01000011000100100000000000000000
01000011000110010000000000000000
01000011001001100000000000000000
01000011001011010000000000000000
01000011001011100000000000000000
01000011001100000000000000000000
01000011001011010000000000000000
01000011001010110000000000000000
01000011001011010000000000000000
01000011001100010000000000000000
01000011001110000000000000000000
01000011001101100000000000000000
01000011001010110000000000000000
01000011001010100000000000000000
01000011001010110000000000000000
01000011001011010000000000000000
01000011001011000000000000000000
01000011001001000000000000000000
01000011001000010000000000000000
01000011001001010000000000000000
01000011001000100000000000000000
01000011000011110000000000000000
01000010110101000000000000000000
01000010101111100000000000000000
01000010101010100000000000000000
01000010110010000000000000000000
01000010101001100000000000000000
01000010000101000000000000000000
01000001100010000000000000000000
01000001110010000000000000000000
01000001111110000000000000000000
01000001110110000000000000000000
01000001101000000000000000000000
01000001101100000000000000000000
01000001101100000000000000000000
01000010000000000000000000000000
01000010000011000000000000000000
01000001111100000000000000000000
01000001101000000000000000000000
01000001100000000000000000000000
01000001011100000000000000000000
01000001101010000000000000000000
01000010000100000000000000000000
01000010101110100000000000000000
01000011000110000000000000000000
01000011000101110000000000000000
01000010111101100000000000000000
01000011000001110000000000000000
01000011000011010000000000000000
01000011000101010000000000000000
01000011000110010000000000000000
01000011001000010000000000000000
01000011001010110000000000000000
01000011001011010000000000000000
01000011001011010000000000000000
01000011001100010000000000000000
01000011001010100000000000000000
01000011001100000000000000000000
01000011001100110000000000000000
01000011001100100000000000000000
01000011001101000000000000000000
01000011001100110000000000000000
01000011001011100000000000000000
01000011001100000000000000000000
01000011001100110000000000000000
01000011001011010000000000000000
01000011001001010000000000000000
01000011001000010000000000000000
01000011000110110000000000000000
01000010111110100000000000000000
01000010110110100000000000000000
01000010110000100000000000000000
01000010101010100000000000000000
01000010111001100000000000000000
01000010001000000000000000000000
01000001011100000000000000000000
01000001100110000000000000000000
01000001101010000000000000000000
01000001110000000000000000000000
01000001101110000000000000000000
01000001101000000000000000000000
01000001110000000000000000000000
01000010000010000000000000000000
01000010000110000000000000000000
01000010000110000000000000000000
01000001111000000000000000000000
01000001100100000000000000000000
01000001011000000000000000000000
01000001011000000000000000000000
01000001101110000000000000000000
01000010001110000000000000000000
01000010111111100000000000000000
01000011000110110000000000000000
01000011000110100000000000000000
01000010111101000000000000000000
01000011000001110000000000000000
01000011000001100000000000000000
01000011000010110000000000000000
01000011000101100000000000000000
01000011000110010000000000000000
01000011000111000000000000000000
01000011001000000000000000000000
01000011001010000000000000000000
01000011001001110000000000000000
01000011001001110000000000000000
01000011001011100000000000000000
01000011001101000000000000000000
01000011001011010000000000000000
01000011001010000000000000000000
01000011001001010000000000000000
01000011001000110000000000000000
01000011001001110000000000000000
01000011001011010000000000000000
01000011001010100000000000000000
01000011001000110000000000000000
01000011000111010000000000000000
01000011000010110000000000000000
01000010111111100000000000000000
01000010111011100000000000000000
01000010100010000000000000000000
01000010110000000000000000000000
01000010110101000000000000000000
01000010000001000000000000000000
01000001100000000000000000000000
01000001100010000000000000000000
01000001101010000000000000000000
01000001101100000000000000000000
01000001101100000000000000000000
01000001110110000000000000000000
01000010000101000000000000000000
01000010000010000000000000000000
01000010001100000000000000000000
01000010001000000000000000000000
01000001101100000000000000000000
01000001011100000000000000000000
01000001010100000000000000000000
01000001010000000000000000000000
01000001101000000000000000000000
01000001101010000000000000000000
01000010100000000000000000000000
01000011000001100000000000000000
01000011001000010000000000000000
01000011000010010000000000000000
01000010111010100000000000000000
01000011000001110000000000000000
01000010111110100000000000000000
01000011000010010000000000000000
01000011000100100000000000000000
01000011000100000000000000000000
01000011000101010000000000000000
01000011000111000000000000000000
01000011000100110000000000000000
01000011000011110000000000000000
01000011000111110000000000000000
01000011001000110000000000000000
01000011001001100000000000000000
01000011001001100000000000000000
01000011001001100000000000000000
01000011001001110000000000000000
01000011001001110000000000000000
01000011001001000000000000000000
01000011001000010000000000000000
01000011000110100000000000000000
01000011000010100000000000000000
01000010111111000000000000000000
01000010111011100000000000000000
01000010100111100000000000000000
01000010100011000000000000000000
01000010110101000000000000000000
01000010101110100000000000000000
01000001111100000000000000000000
01000001100100000000000000000000
01000001100100000000000000000000
01000001100100000000000000000000
01000001101000000000000000000000
01000001100110000000000000000000
01000010001000000000000000000000
01000001111100000000000000000000
01000010001111000000000000000000
01000010001100000000000000000000
01000010000001000000000000000000
01000001100110000000000000000000
01000001010000000000000000000000
01000001011100000000000000000000
01000001011000000000000000000000
01000001011100000000000000000000
01000001010100000000000000000000
01000010110001100000000000000000
01000011000010100000000000000000
01000011000000010000000000000000
01000011000000110000000000000000
01000010111000000000000000000000
01000010111111100000000000000000
01000010111111000000000000000000
01000010111111100000000000000000
01000011000000100000000000000000
01000011000001110000000000000000
01000010111110100000000000000000
01000010111110100000000000000000
01000010111000100000000000000000
01000010111001100000000000000000
01000010111110000000000000000000
01000011000010000000000000000000
01000011000110110000000000000000
01000011000111010000000000000000
01000011000111010000000000000000
01000011001000110000000000000000
01000011001000100000000000000000
01000011000110010000000000000000
01000011000110010000000000000000
01000011000001110000000000000000
01000010111111000000000000000000
01000011000000010000000000000000
01000010101010100000000000000000
01000010100000100000000000000000
01000010100000100000000000000000
01000010110000000000000000000000
01000010101000100000000000000000
01000001111010000000000000000000
01000001100100000000000000000000
01000001100110000000000000000000
01000001100110000000000000000000
01000001101100000000000000000000
01000001101000000000000000000000
01000001100110000000000000000000
01000001110110000000000000000000
01000010001111000000000000000000
01000010001011000000000000000000
01000001111100000000000000000000
01000001011100000000000000000000
01000001100000000000000000000000
01000001100100000000000000000000
01000001011100000000000000000000
01000001011000000000000000000000
01000001001000000000000000000000
01000010011011000000000000000000
01000010111101100000000000000000
01000011000110010000000000000000
01000011000011100000000000000000
01000010111111000000000000000000
01000010111010000000000000000000
01000010111100000000000000000000
01000010111111000000000000000000
01000010111110100000000000000000
01000010110111000000000000000000
01000010111000100000000000000000
01000011000010110000000000000000
01000011000100110000000000000000
01000011000101000000000000000000
01000011000010000000000000000000
01000011000001100000000000000000
01000011000000000000000000000000
01000011000001100000000000000000
01000011000011100000000000000000
01000011000011000000000000000000
01000011000010110000000000000000
01000011000010010000000000000000
01000011000001110000000000000000
01000011000001000000000000000000
01000010111011100000000000000000
01000010101100000000000000000000
01000010100011000000000000000000
01000010101011000000000000000000
01000010111011100000000000000000
01000010111001000000000000000000
01000010010010000000000000000000
01000001101110000000000000000000
01000001100110000000000000000000
01000001100100000000000000000000
01000001101110000000000000000000
01000001110010000000000000000000
01000001100110000000000000000000
01000001100100000000000000000000
01000010000001000000000000000000
01000010011111000000000000000000
01000001110100000000000000000000
01000001010100000000000000000000
01000001100010000000000000000000
01000001100110000000000000000000
01000001100010000000000000000000
01000001011100000000000000000000
01000001011000000000000000000000
01000001011100000000000000000000
01000001001100000000000000000000
01000010011111000000000000000000
01000010111110100000000000000000
01000011000110010000000000000000
01000011000010100000000000000000
01000010111011000000000000000000
01000010111010100000000000000000
01000010111110100000000000000000
01000011000010010000000000000000
01000010111011100000000000000000
01000010110111100000000000000000
01000011000000100000000000000000
01000011000011100000000000000000
01000011000101010000000000000000
01000011001000000000000000000000
01000011000111100000000000000000
01000011000100010000000000000000
01000011000010000000000000000000
01000011000001100000000000000000
01000010111111100000000000000000
01000011000000000000000000000000
01000011000011000000000000000000
01000011000000100000000000000000
01000010110100100000000000000000
01000010100110000000000000000000
01000010100000000000000000000000
01000010101001100000000000000000
01000010110110000000000000000000
01000011000010000000000000000000
01000010111001100000000000000000
01000010011011000000000000000000
01000001111110000000000000000000
01000001100010000000000000000000
01000001101000000000000000000000
01000001101110000000000000000000
01000001110000000000000000000000
01000001100110000000000000000000
01000001101010000000000000000000
01000010000101000000000000000000
01000010010001000000000000000000
01000001101100000000000000000000
01000001100110000000000000000000
01000001100110000000000000000000
01000001100010000000000000000000
01000001100000000000000000000000
01000001100000000000000000000000
01000001011000000000000000000000
01000001010100000000000000000000
01000001001000000000000000000000
01000010010000000000000000000000
01000010110101100000000000000000
01000011000011000000000000000000
01000011000110000000000000000000
01000011000010010000000000000000
01000010111001100000000000000000
01000011000000000000000000000000
01000011000010010000000000000000
01000011000000100000000000000000
01000010111010000000000000000000
01000010110101000000000000000000
01000010110111000000000000000000
01000010110111100000000000000000
01000010111100100000000000000000
01000011000000000000000000000000
01000011000001010000000000000000
01000011000001110000000000000000
01000011000001000000000000000000
01000011000000110000000000000000
01000010111111000000000000000000
01000010110110100000000000000000
01000010100101100000000000000000
01000010100000100000000000000000
01000010100011000000000000000000
01000010101001000000000000000000
01000010110111100000000000000000
01000011000000100000000000000000
01000011000000100000000000000000
01000010100010100000000000000000
01000010010110000000000000000000
01000010000101000000000000000000
01000001011100000000000000000000
01000001101010000000000000000000
01000001101110000000000000000000
01000001101100000000000000000000
01000001101100000000000000000000
01000001110110000000000000000000
01000001101000000000000000000000
01000010000011000000000000000000
01000010000101000000000000000000
01000001101000000000000000000000
01000001100010000000000000000000
01000001100000000000000000000000
01000001100010000000000000000000
01000001100010000000000000000000
01000001011000000000000000000000
01000001010000000000000000000000
01000001010000000000000000000000
01000001110010000000000000000000
01000010100101000000000000000000
01000010111111000000000000000000
01000011001010110000000000000000
01000011000010110000000000000000
01000011000010000000000000000000
01000011000101000000000000000000
01000011000001110000000000000000
01000011000000010000000000000000
01000010111010000000000000000000
01000010111011100000000000000000
01000010110101000000000000000000
01000010101110100000000000000000
01000010101000100000000000000000
01000010101001100000000000000000
01000010101101000000000000000000
01000010110000100000000000000000
01000010101011100000000000000000
01000010100111000000000000000000
01000010100011100000000000000000
01000010011101000000000000000000
01000010100000100000000000000000
01000010100001100000000000000000
01000010100101000000000000000000
01000010110111000000000000000000
01000011000010000000000000000000
01000011000000010000000000000000
01000010101000000000000000000000
01000010001001000000000000000000
01000001111000000000000000000000
01000001101000000000000000000000
01000001100100000000000000000000
01000001101010000000000000000000
01000001110000000000000000000000
01000001110010000000000000000000
01000001101100000000000000000000
01000001101100000000000000000000
01000001101100000000000000000000
01000010001000000000000000000000
01000010000011000000000000000000
01000001101010000000000000000000
01000001100000000000000000000000
01000001100000000000000000000000
01000001100010000000000000000000
01000001100100000000000000000000
01000001011000000000000000000000
01000001010100000000000000000000
01000001010100000000000000000000
01000001001100000000000000000000
01000001101100000000000000000000
01000010001110000000000000000000
01000010110110100000000000000000
01000011000100010000000000000000
01000011000100100000000000000000
01000011000111000000000000000000
01000011001000110000000000000000
01000011001010000000000000000000
01000011000110010000000000000000
01000011000011010000000000000000
01000011000001000000000000000000
01000011000000100000000000000000
01000010111100000000000000000000
01000010110001000000000000000000
01000010110000000000000000000000
01000010101111000000000000000000
01000010101100100000000000000000
01000010100011000000000000000000
01000010100000100000000000000000
01000010100100000000000000000000
01000010100001100000000000000000
01000010100110000000000000000000
01000011000010010000000000000000
01000011000011000000000000000000
01000010110110000000000000000000
01000010101001100000000000000000
01000010001001000000000000000000
01000001100000000000000000000000
01000001010000000000000000000000
01000001001100000000000000000000
01000001010000000000000000000000
01000001100010000000000000000000
01000001110000000000000000000000
01000001111100000000000000000000
01000001101110000000000000000000
01000001101010000000000000000000
01000001101110000000000000000000
01000001110000000000000000000000
01000001111000000000000000000000
01000001110000000000000000000000
01000001101110000000000000000000
01000001100100000000000000000000
01000001011100000000000000000000
01000001100000000000000000000000
01000001100000000000000000000000
01000001100000000000000000000000
01000001011100000000000000000000
01000001011100000000000000000000
01000001100100000000000000000000
01000001101000000000000000000000
01000010000101000000000000000000
01000010101001000000000000000000
01000010010101000000000000000000
01000010100000100000000000000000
01000010110111000000000000000000
01000011000010000000000000000000
01000010110010100000000000000000
01000010100001100000000000000000
01000010101101100000000000000000
01000010110010100000000000000000
01000010111111100000000000000000
01000010111111000000000000000000
01000011000010110000000000000000
01000011000001000000000000000000
01000010110001100000000000000000
01000010110111000000000000000000
01000010101110100000000000000000
01000010100011100000000000000000
01000010011001000000000000000000
01000010101010100000000000000000
01000010111010100000000000000000
01000010011001000000000000000000
01000001101110000000000000000000
01000001100100000000000000000000
01000001011100000000000000000000
01000001001000000000000000000000
01000001010000000000000000000000
01000001010000000000000000000000
01000001010100000000000000000000
01000001101010000000000000000000
01000001111010000000000000000000
01000010000001000000000000000000
01000001110110000000000000000000
01000001101110000000000000000000
01000001110010000000000000000000
01000001110110000000000000000000
01000001110100000000000000000000
01000001111000000000000000000000
01000001110110000000000000000000
01000001101100000000000000000000
01000001100010000000000000000000
01000001100010000000000000000000
01000001100100000000000000000000
01000001101000000000000000000000
01000001101010000000000000000000
01000001100110000000000000000000
01000001100000000000000000000000
01000001101000000000000000000000
01000001110000000000000000000000
01000001100100000000000000000000
01000001100010000000000000000000
01000001011000000000000000000000
01000001100110000000000000000000
01000001001000000000000000000000
01000000010000000000000000000000
01000000100000000000000000000000
01000001010000000000000000000000
01000010000101000000000000000000
01000001110010000000000000000000
01000010010001000000000000000000
01000010111010100000000000000000
01000010111011100000000000000000
01000010101100100000000000000000
01000010111001000000000000000000
01000010100000000000000000000000
01000001111010000000000000000000
01000001110000000000000000000000
01000001100100000000000000000000
01000001001100000000000000000000
01000001000000000000000000000000
01000001000000000000000000000000
01000001001000000000000000000000
01000001000100000000000000000000
01000001001000000000000000000000
01000001001000000000000000000000
01000001010100000000000000000000
01000001011000000000000000000000
01000001101110000000000000000000
01000010000000000000000000000000
01000010000110000000000000000000
01000001111110000000000000000000
