10111101010000010100001010111100
00111110011110010110010100010101
10111101000010100110100011101000
00111110110001111011001000001000
10111100101011101011000010111011
10111101010110001000111110011111
10111101000010101101100001101101
00111101011100000100101101100001
10111110100001011001101000101011
10111011100111010101011000100011
10111101011011010001000111111011
00111110110101010011110010100010
00111101101001010111001001110101
00111000000010011110000100010011
10111011101001011010001001110010
00111110110111001110111001110101
10111101111101111010111100101110
10111110001000001110100011001001
00111101011010100111101001001001
00111110010100010111101111000010
