10111101110000001011000110111000
00111111001111100001011011011001
10111101101110000111010111011111
10111111010011100011001011100100
10111110001111001001100100011111
00111111000110000101100101000010
00111110000010011010000011010111
00111110101010000111001110101100
00111110100110001010010001001111
00111111000100000110100011010101
10111101111010100101101111010110
00111101011110111111100111000010
00111110000110100000010011000010
10111101101011110101111110010100
10111110010111010101010101100001
00111101110000011010010010100111
00111110010100011101001111100100
10111110110101001001111111001001
00111101101101101100110011011000
10111110111101110000011010101001
10111100101101110110111011001000
00111110100001111001100011110010
10111110011110001110100000111101
10111110101000100100101010000011
10111101101011001000010100111000
10111110101000110000111100010010
00111111000001111011001000100101
10111110100100010111011110000010
